23 63 6f 64 69 6e 67 3a  67 62 6b 0d 0a 69 6d 70
6f 72 74 20 69 6d 70 6f  72 74 6c 69 62 0d 0a 69
6d 70 6f 72 74 20 6f 73  0d 0a 69 6d 70 6f 72 74
20 73 79 73 0d 0a 0d 0a  0d 0a 64 65 66 20 5f 6b
6e 6f 77 6e 5f 71 6d 74  5f 70 79 74 68 6f 6e 5f
64 69 72 28 29 3a 0d 0a  20 20 20 20 23 20 42 65
73 74 2d 65 66 66 6f 72  74 20 66 61 6c 6c 62 61
63 6b 20 6f 6e 6c 79 3b  20 74 68 65 20 72 65 61
6c 20 70 61 74 68 20 63  6f 6d 65 73 20 66 72 6f
6d 20 5f 5f 66 69 6c 65  5f 5f 20 62 65 6c 6f 77
2e 0d 0a 20 20 20 20 23  20 54 68 65 20 64 65 66
61 75 6c 74 20 51 4d 54  20 69 6e 73 74 61 6c 6c
20 64 69 72 20 69 73 20  70 75 72 65 20 41 53 43
49 49 2c 20 73 6f 20 69  6e 6c 69 6e 65 20 69 74
20 64 69 72 65 63 74 6c  79 2e 0d 0a 20 20 20 20
23 20 55 70 64 61 74 65  20 74 68 69 73 20 69 66
20 79 6f 75 20 72 65 6c  6f 63 61 74 65 20 74 68
65 20 51 4d 54 20 69 6e  73 74 61 6c 6c 2e 0d 0a
20 20 20 20 22 22 22 6b  6e 6f 77 6e 71 6d 74 70
79 74 68 6f 6e 64 69 72  e3 80 82 0d 0a 20 20 20
20 0d 0a 20 20 20 20 52  65 74 75 72 6e 73 3a 0d
0a 20 20 20 20 20 20 20  20 20 e2 80 94 20 e5 a4
84 e7 90 86 e7 bb 93 e6  9e 9c e3 80 82 0d 0a 20
20 20 20 22 22 22 0d 0a  20 20 20 20 72 65 74 75
72 6e 20 72 22 44 3a 5c  67 75 6f 6a 69 6e 71 6d
74 5c 70 79 74 68 6f 6e  22 0d 0a 0d 0a 0d 0a 5f
71 6d 74 5f 70 61 74 68  73 20 3d 20 5b 5d 0d 0a
5f 66 69 6c 65 5f 6e 61  6d 65 20 3d 20 67 6c 6f
62 61 6c 73 28 29 2e 67  65 74 28 22 5f 5f 66 69
6c 65 5f 5f 22 2c 20 22  22 29 0d 0a 69 66 20 5f
66 69 6c 65 5f 6e 61 6d  65 3a 0d 0a 20 20 20 20
5f 71 6d 74 5f 70 61 74  68 73 2e 61 70 70 65 6e
64 28 6f 73 2e 70 61 74  68 2e 64 69 72 6e 61 6d
65 28 6f 73 2e 70 61 74  68 2e 61 62 73 70 61 74
68 28 5f 66 69 6c 65 5f  6e 61 6d 65 29 29 29 0d
0a 5f 71 6d 74 5f 70 61  74 68 73 2e 61 70 70 65
6e 64 28 5f 6b 6e 6f 77  6e 5f 71 6d 74 5f 70 79
74 68 6f 6e 5f 64 69 72  28 29 29 0d 0a 0d 0a 66
6f 72 20 5f 71 6d 74 5f  70 61 74 68 20 69 6e 20
5f 71 6d 74 5f 70 61 74  68 73 3a 0d 0a 20 20 20
20 69 66 20 5f 71 6d 74  5f 70 61 74 68 20 61 6e
64 20 6f 73 2e 70 61 74  68 2e 69 73 64 69 72 28
5f 71 6d 74 5f 70 61 74  68 29 20 61 6e 64 20 5f
71 6d 74 5f 70 61 74 68  20 6e 6f 74 20 69 6e 20
73 79 73 2e 70 61 74 68  3a 0d 0a 20 20 20 20 20
20 20 20 73 79 73 2e 70  61 74 68 2e 69 6e 73 65
72 74 28 30 2c 20 5f 71  6d 74 5f 70 61 74 68 29
0d 0a 0d 0a 74 72 79 3a  0d 0a 20 20 20 20 70 72
69 6e 74 28 22 5b 62 69  67 71 6d 74 5f 73 68 65
6c 6c 5d 20 72 65 6c 6f  61 64 20 65 6e 74 72 79
20 70 61 74 68 73 3d 25  73 22 20 25 20 5f 71 6d
74 5f 70 61 74 68 73 29  0d 0a 65 78 63 65 70 74
20 45 78 63 65 70 74 69  6f 6e 3a 0d 0a 20 20 20
20 70 61 73 73 0d 0a 0d  0a 0d 0a 64 65 66 20 5f
66 61 6c 6c 62 61 63 6b  5f 61 63 63 6f 75 6e 74
5f 69 64 28 29 3a 0d 0a  20 20 20 20 22 22 22 66
61 6c 6c 62 61 63 6b 61  63 63 6f 75 6e 74 69 64
e3 80 82 0d 0a 20 20 20  20 0d 0a 20 20 20 20 52
65 74 75 72 6e 73 3a 0d  0a 20 20 20 20 20 20 20
20 20 e2 80 94 20 e5 a4  84 e7 90 86 e7 bb 93 e6
9e 9c e3 80 82 0d 0a 20  20 20 20 22 22 22 0d 0a
20 20 20 20 66 6f 72 20  5f 6e 61 6d 65 20 69 6e
20 28 22 42 49 47 51 4d  54 5f 41 43 43 4f 55 4e
54 5f 49 44 22 2c 20 22  61 63 63 6f 75 6e 74 22
2c 20 22 61 63 63 6f 75  6e 74 5f 69 64 22 2c 20
22 61 63 63 6f 75 6e 74  49 44 22 29 3a 0d 0a 20
20 20 20 20 20 20 20 5f  76 61 6c 75 65 20 3d 20
67 6c 6f 62 61 6c 73 28  29 2e 67 65 74 28 5f 6e
61 6d 65 29 0d 0a 20 20  20 20 20 20 20 20 69 66
20 5f 76 61 6c 75 65 3a  0d 0a 20 20 20 20 20 20
20 20 20 20 20 20 72 65  74 75 72 6e 20 73 74 72
28 5f 76 61 6c 75 65 29  0d 0a 20 20 20 20 72 65
74 75 72 6e 20 22 22 0d  0a 0d 0a 74 72 79 3a 0d
0a 20 20 20 20 69 6d 70  6f 72 74 20 62 69 67 71
6d 74 5f 73 69 67 6e 61  6c 5f 74 72 61 64 65 72
2e 61 64 61 70 74 65 72  73 2e 72 65 64 69 73 5f
63 6f 6d 6d 6f 6e 20 61  73 20 5f 72 65 64 69 73
5f 63 6f 6d 6d 6f 6e 0d  0a 20 20 20 20 5f 72 65
64 69 73 5f 63 6f 6d 6d  6f 6e 20 3d 20 69 6d 70
6f 72 74 6c 69 62 2e 72  65 6c 6f 61 64 28 5f 72
65 64 69 73 5f 63 6f 6d  6d 6f 6e 29 0d 0a 65 78
63 65 70 74 20 45 78 63  65 70 74 69 6f 6e 20 61
73 20 5f 72 65 64 69 73  5f 63 6f 6d 6d 6f 6e 5f
65 72 72 3a 0d 0a 20 20  20 20 74 72 79 3a 0d 0a
20 20 20 20 20 20 20 20  70 72 69 6e 74 28 22 5b
62 69 67 71 6d 74 5f 73  68 65 6c 6c 5d 20 72 65
64 69 73 5f 63 6f 6d 6d  6f 6e 20 72 65 6c 6f 61
64 20 66 61 69 6c 65 64  3a 20 25 73 22 20 25 20
5f 72 65 64 69 73 5f 63  6f 6d 6d 6f 6e 5f 65 72
72 29 0d 0a 20 20 20 20  65 78 63 65 70 74 20 45
78 63 65 70 74 69 6f 6e  3a 0d 0a 20 20 20 20 20
20 20 20 70 61 73 73 0d  0a 0d 0a 74 72 79 3a 0d
0a 20 20 20 20 69 6d 70  6f 72 74 20 62 69 67 71
6d 74 5f 73 69 67 6e 61  6c 5f 74 72 61 64 65 72
2e 72 65 64 69 73 5f 72  70 63 20 61 73 20 5f 72
65 64 69 73 5f 72 70 63  0d 0a 20 20 20 20 5f 72
65 64 69 73 5f 72 70 63  20 3d 20 69 6d 70 6f 72
74 6c 69 62 2e 72 65 6c  6f 61 64 28 5f 72 65 64
69 73 5f 72 70 63 29 0d  0a 65 78 63 65 70 74 20
45 78 63 65 70 74 69 6f  6e 20 61 73 20 5f 72 65
64 69 73 5f 72 70 63 5f  65 72 72 3a 0d 0a 20 20
20 20 74 72 79 3a 0d 0a  20 20 20 20 20 20 20 20
70 72 69 6e 74 28 22 5b  62 69 67 71 6d 74 5f 73
68 65 6c 6c 5d 20 72 65  64 69 73 5f 72 70 63 20
72 65 6c 6f 61 64 20 66  61 69 6c 65 64 3a 20 25
73 22 20 25 20 5f 72 65  64 69 73 5f 72 70 63 5f
65 72 72 29 0d 0a 20 20  20 20 65 78 63 65 70 74
20 45 78 63 65 70 74 69  6f 6e 3a 0d 0a 20 20 20
20 20 20 20 20 70 61 73  73 0d 0a 0d 0a 74 72 79
3a 0d 0a 20 20 20 20 69  6d 70 6f 72 74 20 62 69
67 71 6d 74 5f 73 69 67  6e 61 6c 5f 74 72 61 64
65 72 5f 73 74 72 61 74  65 67 79 20 61 73 20 5f
73 74 72 61 74 65 67 79  0d 0a 20 20 20 20 74 72
79 3a 0d 0a 20 20 20 20  20 20 20 20 5f 73 74 72
61 74 65 67 79 2e 72 65  73 65 74 5f 61 70 70 28
29 0d 0a 20 20 20 20 65  78 63 65 70 74 20 45 78
63 65 70 74 69 6f 6e 3a  0d 0a 20 20 20 20 20 20
20 20 70 61 73 73 0d 0a  20 20 20 20 5f 73 74 72
61 74 65 67 79 20 3d 20  69 6d 70 6f 72 74 6c 69
62 2e 72 65 6c 6f 61 64  28 5f 73 74 72 61 74 65
67 79 29 0d 0a 65 78 63  65 70 74 20 45 78 63 65
70 74 69 6f 6e 3a 0d 0a  20 20 20 20 70 61 73 73
0d 0a 0d 0a 69 6d 70 6f  72 74 20 62 69 67 71 6d
74 5f 73 69 67 6e 61 6c  5f 74 72 61 64 65 72 5f
72 65 64 69 73 5f 72 70  63 5f 72 75 6e 74 69 6d
65 20 61 73 20 5f 72 75  6e 74 69 6d 65 0d 0a 5f
72 75 6e 74 69 6d 65 20  3d 20 69 6d 70 6f 72 74
6c 69 62 2e 72 65 6c 6f  61 64 28 5f 72 75 6e 74
69 6d 65 29 0d 0a 0d 0a  64 65 66 20 5f 6c 6f 61
64 5f 6c 6f 63 61 6c 5f  63 6f 6e 66 69 67 28 29
3a 0d 0a 20 20 20 20 22  22 22 6c 6f 61 64 6c 6f
63 61 6c e9 85 8d e7 bd  ae e3 80 82 0d 0a 20 20
20 20 0d 0a 20 20 20 20  52 65 74 75 72 6e 73 3a
0d 0a 20 20 20 20 20 20  20 20 20 e2 80 94 20 e5
a4 84 e7 90 86 e7 bb 93  e6 9e 9c e3 80 82 0d 0a
20 20 20 20 22 22 22 0d  0a 20 20 20 20 69 6d 70
6f 72 74 20 62 69 67 71  6d 74 5f 73 69 67 6e 61
6c 5f 74 72 61 64 65 72  5f 6c 6f 63 61 6c 5f 63
6f 6e 66 69 67 20 61 73  20 5f 6c 6f 63 61 6c 5f
63 6f 6e 66 69 67 0d 0a  20 20 20 20 72 65 74 75
72 6e 20 69 6d 70 6f 72  74 6c 69 62 2e 72 65 6c
6f 61 64 28 5f 6c 6f 63  61 6c 5f 63 6f 6e 66 69
67 29 0d 0a 0d 0a 0d 0a  74 72 79 3a 0d 0a 20 20
20 20 5f 6c 6f 63 61 6c  5f 63 6f 6e 66 69 67 20
3d 20 5f 6c 6f 61 64 5f  6c 6f 63 61 6c 5f 63 6f
6e 66 69 67 28 29 0d 0a  20 20 20 20 42 49 47 51
4d 54 5f 52 45 44 49 53  5f 43 4f 4e 46 49 47 20
3d 20 67 65 74 61 74 74  72 28 5f 6c 6f 63 61 6c
5f 63 6f 6e 66 69 67 2c  20 22 42 49 47 51 4d 54
5f 52 45 44 49 53 5f 43  4f 4e 46 49 47 22 2c 20
7b 7d 29 0d 0a 20 20 20  20 74 72 79 3a 0d 0a 20
20 20 20 20 20 20 20 70  72 69 6e 74 28 22 5b 62
69 67 71 6d 74 5f 73 68  65 6c 6c 5d 20 6c 6f 63
61 6c 20 72 65 64 69 73  20 63 6f 6e 66 69 67 20
6c 6f 61 64 65 64 20 6b  65 79 73 3d 25 73 22 20
25 20 73 6f 72 74 65 64  28 28 42 49 47 51 4d 54
5f 52 45 44 49 53 5f 43  4f 4e 46 49 47 20 6f 72
20 7b 7d 29 2e 6b 65 79  73 28 29 29 29 0d 0a 20
20 20 20 65 78 63 65 70  74 20 45 78 63 65 70 74
69 6f 6e 3a 0d 0a 20 20  20 20 20 20 20 20 70 61
73 73 0d 0a 20 20 20 20  5f 72 75 6e 74 69 6d 65
2e 63 6f 6e 66 69 67 75  72 65 5f 72 75 6e 74 69
6d 65 5f 72 65 64 69 73  28 42 49 47 51 4d 54 5f
52 45 44 49 53 5f 43 4f  4e 46 49 47 29 0d 0a 65
78 63 65 70 74 20 45 78  63 65 70 74 69 6f 6e 20
61 73 20 5f 72 65 64 69  73 5f 63 66 67 5f 65 72
72 3a 0d 0a 20 20 20 20  74 72 79 3a 0d 0a 20 20
20 20 20 20 20 20 70 72  69 6e 74 28 22 5b 62 69
67 71 6d 74 5f 73 68 65  6c 6c 5d 20 6c 6f 63 61
6c 20 72 65 64 69 73 20  63 6f 6e 66 69 67 20 6c
6f 61 64 20 66 61 69 6c  65 64 3a 20 25 73 22 20
25 20 5f 72 65 64 69 73  5f 63 66 67 5f 65 72 72
29 0d 0a 20 20 20 20 65  78 63 65 70 74 20 45 78
63 65 70 74 69 6f 6e 3a  0d 0a 20 20 20 20 20 20
20 20 70 61 73 73 0d 0a  0d 0a 74 72 79 3a 0d 0a
20 20 20 20 5f 6c 6f 63  61 6c 5f 63 6f 6e 66 69
67 20 3d 20 5f 6c 6f 61  64 5f 6c 6f 63 61 6c 5f
63 6f 6e 66 69 67 28 29  0d 0a 20 20 20 20 42 49
47 51 4d 54 5f 41 43 43  4f 55 4e 54 5f 49 44 20
3d 20 67 65 74 61 74 74  72 28 5f 6c 6f 63 61 6c
5f 63 6f 6e 66 69 67 2c  20 22 42 49 47 51 4d 54
5f 41 43 43 4f 55 4e 54  5f 49 44 22 2c 20 22 22
29 0d 0a 20 20 20 20 74  72 79 3a 0d 0a 20 20 20
20 20 20 20 20 70 72 69  6e 74 28 22 5b 62 69 67
71 6d 74 5f 73 68 65 6c  6c 5d 20 6c 6f 63 61 6c
20 61 63 63 6f 75 6e 74  20 63 6f 6e 66 69 67 20
6c 6f 61 64 65 64 3d 25  73 22 20 25 20 62 6f 6f
6c 28 42 49 47 51 4d 54  5f 41 43 43 4f 55 4e 54
5f 49 44 29 29 0d 0a 20  20 20 20 65 78 63 65 70
74 20 45 78 63 65 70 74  69 6f 6e 3a 0d 0a 20 20
20 20 20 20 20 20 70 61  73 73 0d 0a 20 20 20 20
5f 72 75 6e 74 69 6d 65  2e 63 6f 6e 66 69 67 75
72 65 5f 72 75 6e 74 69  6d 65 5f 61 63 63 6f 75
6e 74 28 42 49 47 51 4d  54 5f 41 43 43 4f 55 4e
54 5f 49 44 29 0d 0a 65  78 63 65 70 74 20 45 78
63 65 70 74 69 6f 6e 20  61 73 20 5f 61 63 63 6f
75 6e 74 5f 63 66 67 5f  65 72 72 3a 0d 0a 20 20
20 20 74 72 79 3a 0d 0a  20 20 20 20 20 20 20 20
70 72 69 6e 74 28 22 5b  62 69 67 71 6d 74 5f 73
68 65 6c 6c 5d 20 6c 6f  63 61 6c 20 61 63 63 6f
75 6e 74 20 63 6f 6e 66  69 67 20 6c 6f 61 64 20
66 61 69 6c 65 64 3a 20  25 73 22 20 25 20 5f 61
63 63 6f 75 6e 74 5f 63  66 67 5f 65 72 72 29 0d
0a 20 20 20 20 65 78 63  65 70 74 20 45 78 63 65
70 74 69 6f 6e 3a 0d 0a  20 20 20 20 20 20 20 20
70 61 73 73 0d 0a 20 20  20 20 5f 61 63 63 6f 75
6e 74 5f 69 64 20 3d 20  5f 66 61 6c 6c 62 61 63
6b 5f 61 63 63 6f 75 6e  74 5f 69 64 28 29 0d 0a
20 20 20 20 69 66 20 5f  61 63 63 6f 75 6e 74 5f
69 64 3a 0d 0a 20 20 20  20 20 20 20 20 74 72 79
3a 0d 0a 20 20 20 20 20  20 20 20 20 20 20 20 70
72 69 6e 74 28 22 5b 62  69 67 71 6d 74 5f 73 68
65 6c 6c 5d 20 66 61 6c  6c 62 61 63 6b 20 61 63
63 6f 75 6e 74 20 6c 6f  61 64 65 64 3d 54 72 75
65 22 29 0d 0a 20 20 20  20 20 20 20 20 65 78 63
65 70 74 20 45 78 63 65  70 74 69 6f 6e 3a 0d 0a
20 20 20 20 20 20 20 20  20 20 20 20 70 61 73 73
0d 0a 20 20 20 20 20 20  20 20 5f 72 75 6e 74 69
6d 65 2e 63 6f 6e 66 69  67 75 72 65 5f 72 75 6e
74 69 6d 65 5f 61 63 63  6f 75 6e 74 28 5f 61 63
63 6f 75 6e 74 5f 69 64  29 0d 0a 0d 0a 23 20 43
61 70 74 75 72 65 20 51  4d 54 20 72 75 6e 74 69
6d 65 2d 69 6e 6a 65 63  74 65 64 20 67 6c 6f 62
61 6c 73 20 28 6c 69 6b  65 20 70 61 73 73 6f 72
64 65 72 29 20 6e 6f 74  20 70 72 65 73 65 6e 74
20 69 6e 20 74 68 65 0d  0a 23 20 5f 50 79 43 6f
6e 74 65 78 74 49 6e 66  6f 20 73 74 75 62 2e 20
42 69 6e 64 20 74 68 65  20 6f 66 66 69 63 69 61
6c 20 74 72 61 64 65 2d  71 75 65 72 79 20 66 75
6e 63 74 69 6f 6e 73 20  62 79 20 6e 61 6d 65 3b
20 73 6b 69 70 20 61 6e  79 0d 0a 23 20 74 68 61
74 20 61 72 65 20 6d 69  73 73 69 6e 67 20 28 61
20 70 6c 61 69 6e 20 61  63 63 6f 75 6e 74 20 68
61 73 20 6e 6f 20 6d 61  72 67 69 6e 2f 63 72 65
64 69 74 20 70 65 72 6d  69 73 73 69 6f 6e 29 2e
0d 0a 74 72 79 3a 0d 0a  20 20 20 20 5f 71 6d 74
5f 65 78 74 72 61 20 3d  20 7b 7d 0d 0a 20 20 20
20 66 6f 72 20 5f 66 6e  20 69 6e 20 28 0d 0a 20
20 20 20 20 20 20 20 22  67 65 74 5f 68 69 73 74
6f 72 79 5f 74 72 61 64  65 5f 64 65 74 61 69 6c
5f 64 61 74 61 22 2c 20  22 67 65 74 5f 76 61 6c
75 65 5f 62 79 5f 6f 72  64 65 72 5f 69 64 22 2c
20 22 67 65 74 5f 6c 61  73 74 5f 6f 72 64 65 72
5f 69 64 22 2c 0d 0a 20  20 20 20 20 20 20 20 22
67 65 74 5f 69 70 6f 5f  64 61 74 61 22 2c 20 22
67 65 74 5f 6e 65 77 5f  70 75 72 63 68 61 73 65
5f 6c 69 6d 69 74 22 2c  0d 0a 20 20 20 20 20 20
20 20 22 67 65 74 5f 61  73 73 75 72 65 5f 63 6f
6e 74 72 61 63 74 22 2c  20 22 67 65 74 5f 65 6e
61 62 6c 65 5f 73 68 6f  72 74 5f 63 6f 6e 74 72
61 63 74 22 2c 0d 0a 20  20 20 20 20 20 20 20 22
67 65 74 5f 75 6e 63 6c  6f 73 65 64 5f 63 6f 6d
70 61 63 74 73 22 2c 20  22 67 65 74 5f 63 6c 6f
73 65 64 5f 63 6f 6d 70  61 63 74 73 22 2c 20 22
67 65 74 5f 64 65 62 74  5f 63 6f 6e 74 72 61 63
74 22 2c 0d 0a 20 20 20  20 20 20 20 20 22 67 65
74 5f 6f 70 74 69 6f 6e  5f 73 75 62 6a 65 63 74
5f 70 6f 73 69 74 69 6f  6e 22 2c 20 22 67 65 74
5f 63 6f 6d 62 5f 6f 70  74 69 6f 6e 22 2c 20 22
67 65 74 5f 68 6b 74 5f  65 78 63 68 61 6e 67 65
5f 72 61 74 65 22 2c 0d  0a 20 20 20 20 29 3a 0d
0a 20 20 20 20 20 20 20  20 74 72 79 3a 0d 0a 20
20 20 20 20 20 20 20 20  20 20 20 5f 71 6d 74 5f
65 78 74 72 61 5b 5f 66  6e 5d 20 3d 20 67 6c 6f
62 61 6c 73 28 29 5b 5f  66 6e 5d 0d 0a 20 20 20
20 20 20 20 20 65 78 63  65 70 74 20 4b 65 79 45
72 72 6f 72 3a 0d 0a 20  20 20 20 20 20 20 20 20
20 20 20 70 61 73 73 0d  0a 20 20 20 20 5f 72 75
6e 74 69 6d 65 2e 62 69  6e 64 5f 72 75 6e 74 69
6d 65 5f 61 70 69 28 0d  0a 20 20 20 20 20 20 20
20 70 61 73 73 6f 72 64  65 72 5f 66 75 6e 63 3d
70 61 73 73 6f 72 64 65  72 2c 0d 0a 20 20 20 20
20 20 20 20 63 61 6e 63  65 6c 5f 66 75 6e 63 3d
63 61 6e 63 65 6c 2c 0d  0a 20 20 20 20 20 20 20
20 67 65 74 5f 74 72 61  64 65 5f 64 65 74 61 69
6c 5f 64 61 74 61 5f 66  75 6e 63 3d 67 65 74 5f
74 72 61 64 65 5f 64 65  74 61 69 6c 5f 64 61 74
61 2c 0d 0a 20 20 20 20  20 20 20 20 65 78 74 72
61 5f 66 75 6e 63 73 3d  5f 71 6d 74 5f 65 78 74
72 61 20 6f 72 20 4e 6f  6e 65 2c 0d 0a 20 20 20
20 29 0d 0a 65 78 63 65  70 74 20 4e 61 6d 65 45
72 72 6f 72 3a 0d 0a 20  20 20 20 70 61 73 73 0d
0a 0d 0a 69 6e 69 74 20  3d 20 5f 72 75 6e 74 69
6d 65 2e 69 6e 69 74 0d  0a 68 61 6e 64 6c 65 62
61 72 20 3d 20 5f 72 75  6e 74 69 6d 65 2e 68 61
6e 64 6c 65 62 61 72 0d  0a 61 64 6a 75 73 74 20
3d 20 5f 72 75 6e 74 69  6d 65 2e 61 64 6a 75 73
74 0d 0a 6f 72 64 65 72  5f 63 61 6c 6c 62 61 63
6b 20 3d 20 5f 72 75 6e  74 69 6d 65 2e 6f 72 64
65 72 5f 63 61 6c 6c 62  61 63 6b 0d 0a 64 65 61
6c 5f 63 61 6c 6c 62 61  63 6b 20 3d 20 5f 72 75
6e 74 69 6d 65 2e 64 65  61 6c 5f 63 61 6c 6c 62
61 63 6b 0d 0a
